[app/ui]
version = 9.4.2
modtime = 1776700952.151274000

[app/launcher]
version = 9.4.2
modtime = 1776700952.152288000
